"file","name","high","medium","low","info"
"src/lib.rs","get_winner",,,,"timestamp use at <L19>;"
"global","global",,,"No upgrade function found;",
